%YAML:1.0
---
CameraType: "PinHole"
fx: 5.0173798786132107e+02
fy: 5.0237506316770589e+02
cx: 3.1348378551097665e+02
cy: 2.4305617967796738e+02
K: !!opencv-matrix
   rows: 3
   cols: 3
   dt: d
   data: [ 5.0173798786132107e+02, 0., 3.1348378551097665e+02, 0.,
       5.0237506316770589e+02, 2.4305617967796738e+02, 0., 0., 1. ]
D: !!opencv-matrix
   rows: 1
   cols: 5
   dt: d
   data: [ 1.5980669659586333e-02, 5.6264655863808181e-02,
       9.8792793848189353e-04, -2.8544810022672461e-03,
       -5.1650347949431563e-01 ]
