%YAML:1.0
---
ImageWidth: 640
ImageHeight: 480
CameraMatrix: !!opencv-matrix
   rows: 3
   cols: 3
   dt: d
   data: [ 1.1118634196120907e+02, 0., 3.1950052580389416e+02, 0.,
       1.5096567808768597e+02, 2.3950196646754412e+02, 0., 0., 1. ]
DistCoeffs: !!opencv-matrix
   rows: 1
   cols: 5
   dt: d
   data: [ -2.8624192219097160e-02, 1.7260109563073901e-04,
       9.4744564027554319e-04, 3.0845210939920709e-03,
       -1.9612407693943503e-07 ]
CalibrationDate: "Wed Jan  4 19:55:09 2023\n"
