%YAML:1.0
---
CameraType: "PinHole"
fx: 5.0173798698134271e+02
fy: 5.0237505496147082e+02
cx: 3.1348380900698828e+02
cy: 2.4305617964195247e+02
K: !!opencv-matrix
   rows: 3
   cols: 3
   dt: d
   data: [ 5.0173798698134271e+02, 0., 3.1348380900698828e+02, 0.,
       5.0237505496147082e+02, 2.4305617964195247e+02, 0., 0., 1. ]
D: !!opencv-matrix
   rows: 1
   cols: 5
   dt: d
   data: [ 1.5980528751394246e-02, 5.6265360168071252e-02,
       9.8792879764926012e-04, -2.8544616638215771e-03,
       -5.1650447998751770e-01 ]
