%YAML:1.0
---
CameraType: "PinHole"
fx: 5.5392523934735937e+02
fy: 5.5373897434382866e+02
cx: 3.1359799545846039e+02
cy: 2.5080542614606617e+02
K: !!opencv-matrix
   rows: 3
   cols: 3
   dt: d
   data: [ 5.5392523934735937e+02, 0., 3.1359799545846039e+02, 0.,
       5.5373897434382866e+02, 2.5080542614606617e+02, 0., 0., 1. ]
D: !!opencv-matrix
   rows: 1
   cols: 5
   dt: d
   data: [ 1.2281223851285762e-01, -5.1821674983616539e-01,
       6.4208241253963360e-03, -5.7789289947437388e-04,
       8.8613958319255282e-01 ]
